7896004782546
7896093001030
7896049540019
7896016806261
7896714265933
7896714273822
7896094918139
7896094918108
7896094905825
7891142982100
7891142982155
7896331703443
7896331701661
7896472501823
7896523226590
7896523200576
7896523206295
7896094904682
7896094915107
7896862920029
7898927111090
7891058004354
7896004777559
7898075317955
7896523220291
7896004757353
7896004768571
7896004768588
7896094918481
7891317005351
7891317000547
7891142171719
7891142171733
7891142171757
7896004711461
7896004711287
7896004704999
7896523209418
7898133131066
7896714219301
7896523209425
7896006246541
7896523202822
7896523202204
7896004704289
7896004703251
7896181906322
7896523227573
7896523207704
7896004712673
7896004712666
7896658018992
7896658018862
7896658021640
7896004725666
7896004743226
7896004725673
7896004743523
7897337712934
7896658001901
7896658001918
7896658001925
7896094917002
7897322706658
7897322704944
7897322709376
7896094917385
7896094920033
7898040325282
7898040322540
7898040326425
7896094209695
7896094207943
7896094201514
7896094209701
7896523222783
7896083412310
7896094921245
7896658035944
7896658023224
7896658020315
7896658012327
7896658012303
7898074616943
7896112403326
7896082900276
7896082900337
7896094208407
7896026120555
7500435177450
78911222
7590002032817
7590002012468
7501001168797
7898430193484
7898430193477
7898430194283
7896026170567
7500435182331
7896007552108
7896012880272
7896007547173
7899898601207
7891000432716
7897947615106
7898687732160
7897947612600
7898655576543
7898953078916
7896227800812
7896094921344
7896004714714
7898495607889
7891045043588
7898560661563
7896094999992
7891000334492
7896230311343
7896331706857
7896331706864
7891000234105
7891000417560
7891158105210
7891158105234
7897947606913
7898655575904
7896023792571
7898655576451
7891000320457
7896006218593
7896004717999
7894650939833
7899674028426
7896614804843
7894650013373
7897947600577
7898962943069
7891010249922
7500435145244
7500435172714
7500435157520
7896007551088
7896007548415
7898662061247
7896331707199
7891045040686
7896637031868